market,link,price,name,date,datetime,stock
magi,/items/1452740402,190,ふしぎなアメ 003,2023-02-24,2023-02-24 02:52:01,1
magi,/items/1626960429,200,ふしぎなアメ 003,2023-02-24,2023-02-24 02:52:01,1
hareruya2,https://www.hareruya2.com/product/26899,100,ふしぎなアメ(D){,2023-02-24,2023-02-24 02:51:59,2
cardrush,https://www.cardrush-pokemon.jp/product/39432,80,ふしぎなアメ003/,2023-02-24,2023-02-24 02:51:58,122
torecolo,/shop/g/g003-028-SVB-B/,110,【ポケカ】ＳＳ◇ふし,2023-02-24,2023-02-24 02:51:56,20
magi,/items/1626960429,200,ふしぎなアメ 003,2023-02-23,2023-02-23 02:48:43,1
hareruya2,https://www.hareruya2.com/product/26899,100,ふしぎなアメ(D){,2023-02-23,2023-02-23 02:48:42,2
cardrush,https://www.cardrush-pokemon.jp/product/39432,80,ふしぎなアメ003/,2023-02-23,2023-02-23 02:48:39,69
torecolo,/shop/g/g003-028-SVB-B/,110,【ポケカ】ＳＳ◇ふし,2023-02-23,2023-02-23 02:48:36,16
magi,/items/1626960429,200,ふしぎなアメ 003,2023-02-22,2023-02-22 02:51:26,1
hareruya2,https://www.hareruya2.com/product/26899,100,ふしぎなアメ(D){,2023-02-22,2023-02-22 02:51:25,2
cardrush,https://www.cardrush-pokemon.jp/product/39432,80,ふしぎなアメ003/,2023-02-22,2023-02-22 02:51:24,72
torecolo,/shop/g/g003-028-SVB-B/,110,【ポケカ】ＳＳ◇ふし,2023-02-22,2023-02-22 02:51:22,16
magi,/items/1626960429,200,ふしぎなアメ 003,2023-02-21,2023-02-21 02:52:01,1
hareruya2,https://www.hareruya2.com/product/26899,100,ふしぎなアメ(D){,2023-02-21,2023-02-21 02:51:59,2
cardrush,https://www.cardrush-pokemon.jp/product/39432,80,ふしぎなアメ003/,2023-02-21,2023-02-21 02:51:58,76
torecolo,/shop/g/g003-028-SVB-B/,110,【ポケカ】ＳＳ◇ふし,2023-02-21,2023-02-21 02:51:56,16
magi,/items/1626960429,200,ふしぎなアメ 003,2023-02-20,2023-02-20 02:47:24,1
hareruya2,https://www.hareruya2.com/product/26899,100,ふしぎなアメ(D){,2023-02-20,2023-02-20 02:47:23,2
cardrush,https://www.cardrush-pokemon.jp/product/39432,80,ふしぎなアメ003/,2023-02-20,2023-02-20 02:47:22,67
torecolo,/shop/g/g003-028-SVB-B/,110,【ポケカ】ＳＳ◇ふし,2023-02-20,2023-02-20 02:47:19,16
magi,/items/1626960429,200,ふしぎなアメ 003,2023-02-19,2023-02-19 02:51:19,1
hareruya2,https://www.hareruya2.com/product/26899,100,ふしぎなアメ(D){,2023-02-19,2023-02-19 02:51:18,7
cardrush,https://www.cardrush-pokemon.jp/product/39432,80,ふしぎなアメ003/,2023-02-19,2023-02-19 02:51:14,72
torecolo,/shop/g/g003-028-SVB-B/,110,【ポケカ】ＳＳ◇ふし,2023-02-19,2023-02-19 02:51:11,16
magi,/items/1626960429,200,ふしぎなアメ 003,2023-02-18,2023-02-18 02:52:49,1
cardrush,https://www.cardrush-pokemon.jp/product/39432,80,ふしぎなアメ003/,2023-02-18,2023-02-18 02:52:45,44
torecolo,/shop/g/g003-028-SVB-B/,110,【ポケカ】ＳＳ◇ふし,2023-02-18,2023-02-18 02:52:43,16
magi,/items/1626960429,200,ふしぎなアメ 003,2023-02-17,2023-02-17 02:52:15,1
cardrush,https://www.cardrush-pokemon.jp/product/39432,80,ふしぎなアメ003/,2023-02-17,2023-02-17 02:52:12,8
torecolo,/shop/g/g003-028-SVB-B/,110,【ポケカ】ＳＳ◇ふし,2023-02-17,2023-02-17 02:52:08,12
